909989929268.1296386719
88630477993.0863037109
43201607950.6517333984
11894201412.0309143066
1575454580.8936030865
1158040013.0355999470
287063403.0049083233
23574973.9961500466
67864.5683417543
417635.4368973427
2707504.7212296664
1985137.3144886957
13698707.7360148039
45765748.6279417798
93498763.3169044405
260111821.9474321008
9316.6140827735
37270.6487494192
183158.4147282784
877171.2705668714
5782465.7966329111
41101406.6332750544
305848764.7554429770
1075236042.7414646149
331.5762338988
801.2380075232
13259.1141305283
77325.6390156198
454793.7491733929
5075656.5720787747
80910643.2364175320
264315626.4822594523
